REGION/GULF_SE/GIS/elevation_reduced_by2.asc
ncols        402
nrows        225
xllcorner    -91.425030000000
yllcorner    25.116680000000
cellsize     0.033333333333
NODATA_value  -9999
[rows 105 to 139 of 225, columns 240 to 319 of 402]
-9999 -9999 -9999 -9999 -9999 -9999 -9999 -9999 -9999 -9999 -9999 -9999 -9999 -9999 -9999 -9999 -9999 -9999 -1 11 14 15 18 15 28 17 28 28 32 28 17 28 28 26 19 29 24 32 49 35 15 24 32 36 14 20 37 32 41 31 32 41 26 38 10 17 25 20 5 5 5 17 33 35 27 19 18 12 17 16 11 11 19 0 -9999 -9999 -9999 -9999 -9999 -9999
-9999 -9999 -9999 -9999 -9999 -9999 -9999 -9999 -9999 -9999 -9999 -9999 -9999 -9999 -9999 -9999 -9999 -9999 -9999 -9999 10 19 25 17 19 23 14 29 27 20 17 33 26 25 35 27 35 20 35 37 40 25 30 31 27 37 26 22 33 38 35 44 45 30 38 24 26 24 21 11 2 16 32 27 29 17 28 16 15 15 28 6 9 14 1 -9999 -9999 -9999 -9999 -9999
-9999 -9999 -9999 -9999 -9999 -9999 -9999 -9999 -9999 -9999 -9999 -9999 -9999 -9999 -9999 -9999 -9999 -9999 -9999 -9999 12 17 23 16 7 14 29 35 42 34 18 32 18 22 27 25 23 29 20 27 30 31 26 18 19 36 31 11 29 26 44 40 33 26 24 36 17 19 29 26 14 15 24 22 47 30 25 23 13 20 17 15 18 13 3 -1 -9999 -9999 -9999 -9999
-9999 -9999 -9999 -9999 -9999 -9999 -9999 -9999 -9999 -9999 -9999 -9999 -9999 -9999 -9999 -9999 -9999 -9999 -9999 -9999 -1 8 23 22 16 12 33 45 38 26 30 21 22 19 20 19 37 35 14 22 31 26 29 40 36 32 28 25 27 42 39 14 47 28 21 30 35 14 18 24 16 9 20 7 31 36 12 16 20 24 13 12 11 10 11 10 1 -9999 -9999 -9999
-9999 -9999 -9999 -9999 -9999 -9999 -9999 -9999 -9999 -9999 -9999 -9999 -9999 -9999 -9999 -9999 -9999 -9999 -9999 -9999 -9999 9 18 12 7 6 40 44 38 18 20 21 14 32 22 24 23 36 41 32 23 38 18 32 33 48 39 19 22 32 33 25 33 36 18 16 30 18 13 21 28 12 21 25 30 29 17 18 23 21 17 12 13 10 1 10 -9999 -9999 -9999 -9999
-9999 -9999 -9999 -9999 -9999 -9999 -9999 -9999 -9999 -9999 -9999 -9999 -9999 -9999 -9999 -9999 -9999 -9999 -9999 -9999 -9999 -9999 2 7 15 7 16 48 36 25 29 13 16 23 29 23 13 34 15 24 14 26 20 19 19 41 32 16 16 20 16 29 30 39 26 9 25 20 23 19 19 6 14 17 4 25 10 18 14 3 24 11 17 12 24 14 7 -9999 -9999 -9999
-9999 -9999 -9999 -9999 -9999 -9999 -9999 -9999 -9999 -9999 -9999 -9999 -9999 -9999 -9999 -9999 -9999 -9999 -9999 -9999 -9999 -9999 -9999 2 5 11 10 22 33 38 29 34 7 18 17 18 9 22 26 25 36 30 22 20 37 45 27 16 27 26 42 22 25 17 44 43 23 23 19 14 25 6 17 23 17 30 22 13 14 14 5 14 15 9 11 19 3 0 -9999 -9999
-9999 -9999 -9999 -9999 -9999 -9999 -9999 -9999 -9999 -9999 -9999 -9999 -9999 -9999 -9999 -9999 -9999 -9999 -9999 -9999 -9999 5 5 4 18 14 8 19 18 40 25 24 21 20 18 23 16 32 28 26 28 31 22 26 40 33 21 16 30 30 19 19 39 52 48 22 19 21 21 13 6 13 10 0 -3 3 15 18 18 3 8 16 16 11 20 18 17 10 -9999 -9999
-9999 -9999 -9999 -9999 -9999 -9999 -9999 -9999 -9999 -9999 -9999 -9999 -9999 -9999 -9999 -9999 -9999 -9999 -9999 -9999 -9999 -9999 7 6 14 11 13 22 31 34 21 32 33 28 20 21 16 18 7 31 28 27 15 21 35 34 31 21 21 26 19 33 39 58 55 31 29 17 19 11 29 19 9 12 -3 -3 2 10 10 5 16 12 8 21 13 9 13 12 -9999 0
-9999 -9999 -9999 -9999 -9999 -9999 -9999 -9999 -9999 -9999 -9999 -9999 -9999 -9999 -9999 -9999 -9999 -9999 -9999 -9999 -9999 -9999 0 8 19 21 12 26 23 33 41 30 40 21 13 17 7 31 12 15 32 31 26 33 28 22 18 29 18 32 20 20 20 44 34 53 23 17 28 16 12 20 25 20 18 11 12 -1 5 6 13 3 14 20 13 20 11 0 13 -9999
-9999 -9999 -9999 -9999 -9999 -9999 -9999 -9999 -9999 -9999 -9999 -9999 -9999 -9999 -9999 -9999 -9999 -9999 -9999 -9999 -9999 -9999 -9999 6 15 8 8 39 22 36 38 36 32 28 15 22 13 17 26 27 18 35 25 29 25 30 33 28 18 41 27 31 30 21 44 42 41 32 29 16 12 16 15 11 15 14 0 12 7 21 -1 13 9 6 5 10 10 -9999 -9999 6
-9999 -9999 -9999 -9999 -9999 -9999 -9999 -9999 -9999 -9999 -9999 -9999 -9999 -9999 -9999 -9999 -9999 -9999 -9999 -9999 -9999 -9999 -9999 5 18 19 14 30 38 43 33 43 26 17 25 24 24 34 15 24 25 29 29 38 30 33 41 43 31 44 20 29 33 25 24 26 42 46 22 22 20 28 22 20 -1 -2 -2 11 22 8 9 3 7 6 4 18 11 -9999 -9999 -9999
-9999 -9999 -9999 -9999 -9999 -9999 -9999 -9999 -9999 -9999 -9999 -9999 -9999 -9999 -9999 -9999 -9999 -9999 -9999 -9999 -9999 -9999 -9999 6 23 10 16 30 43 28 35 39 30 34 36 31 25 21 27 24 34 43 25 38 46 33 31 35 39 30 38 19 19 20 15 39 33 37 36 34 16 42 37 20 13 10 11 13 13 9 9 -1 6 5 7 6 11 7 -9999 2
-9999 -9999 -9999 -9999 -9999 -9999 -9999 -9999 -9999 -9999 -9999 -9999 -9999 -9999 -9999 -9999 -9999 -9999 -9999 -9999 -9999 -9999 -9999 4 25 14 15 29 32 41 42 42 39 48 34 30 26 25 36 26 24 39 31 25 30 29 36 32 33 36 55 23 17 17 17 20 28 36 41 35 30 28 32 26 17 17 23 13 20 21 2 8 3 0 2 -1 12 16 -9999 1
-9999 -9999 -9999 -9999 -9999 -9999 -9999 -9999 -9999 -9999 -9999 -9999 -9999 -9999 -9999 -9999 -9999 -9999 -9999 -9999 -9999 -9999 -9999 6 25 19 18 32 25 46 44 44 45 32 43 28 21 27 33 31 40 34 35 30 46 33 39 37 59 25 71 44 17 17 17 17 44 28 42 27 25 24 31 31 18 20 15 27 23 23 28 16 5 11 2 2 0 7 -9999 -1
-9999 -9999 -9999 -9999 -9999 -9999 -9999 -9999 -9999 -9999 -9999 -9999 -9999 -9999 -9999 -9999 -9999 -9999 -9999 -9999 -9999 -9999 -9999 3 19 13 22 24 35 44 43 33 25 54 37 24 27 33 19 19 32 28 27 34 34 41 48 44 30 25 35 58 40 17 17 34 51 39 23 28 25 34 30 31 20 28 38 17 21 28 23 14 13 4 7 6 10 7 12 -9999
-9999 -9999 -9999 -9999 -9999 -9999 -9999 -9999 -9999 -9999 -9999 -9999 -9999 -9999 -9999 -9999 -9999 -9999 -9999 -9999 -9999 -9999 -9999 6 11 16 17 40 39 54 31 62 45 50 38 36 24 26 27 27 30 26 27 31 32 33 36 38 40 40 32 78 37 35 16 38 49 36 29 28 34 23 31 33 28 28 31 18 22 21 24 21 9 4 1 4 4 9 13 -9999
-9999 -9999 -9999 -9999 -9999 -9999 -9999 -9999 -9999 -9999 -9999 -9999 -9999 -9999 -9999 -9999 -9999 -9999 -9999 -9999 -9999 -9999 -9999 7 25 18 11 37 30 36 67 44 56 38 38 22 37 24 34 38 42 38 44 45 34 33 42 39 35 26 35 76 25 24 37 28 42 44 36 30 25 37 33 31 31 28 27 22 25 27 23 19 14 20 6 4 7 12 9 -9999
-9999 -9999 -9999 -9999 -9999 -9999 -9999 -9999 -9999 -9999 -9999 -9999 -9999 -9999 -9999 -9999 -9999 -9999 -9999 -9999 -9999 -9999 -9999 13 15 15 22 27 26 26 51 44 68 79 50 17 21 23 35 40 34 36 42 39 40 28 34 41 36 41 27 46 32 46 40 37 28 49 27 32 34 34 24 32 25 27 30 31 21 23 25 20 16 9 19 11 3 8 7 -9999
-9999 -9999 -9999 -9999 -9999 -9999 -9999 -9999 -9999 -9999 -9999 -9999 -9999 -9999 -9999 -9999 -9999 -9999 -9999 -9999 -9999 -9999 -9999 14 14 17 20 29 28 21 27 33 64 62 64 40 25 28 34 33 37 42 33 41 35 39 38 36 36 40 40 44 50 40 28 37 32 37 45 32 38 35 29 28 32 27 29 31 22 22 24 22 19 17 11 5 9 8 10 11
-9999 -9999 -9999 -9999 -9999 -9999 -9999 -9999 -9999 -9999 -9999 -9999 -9999 -9999 -9999 -9999 -9999 -9999 -9999 -9999 -9999 -9999 1 14 17 21 21 29 34 32 26 30 42 64 44 32 53 31 33 33 32 40 41 39 36 36 41 37 41 40 47 37 34 30 42 28 25 43 37 29 30 25 34 29 32 26 33 32 23 26 21 23 14 14 10 5 8 9 12 21
-9999 -9999 -9999 -9999 -9999 -9999 -9999 -9999 -9999 -9999 -9999 -9999 -9999 -9999 -9999 -9999 -9999 -9999 -9999 -9999 -9999 1 4 14 24 19 25 26 24 24 30 29 48 50 49 22 35 28 34 29 34 39 47 44 33 34 36 34 40 57 40 46 44 45 34 42 32 33 29 30 29 31 25 25 31 20 14 13 25 21 19 21 22 16 12 7 5 11 18 7
-9999 -9999 -9999 -9999 -9999 -9999 -9999 -9999 -9999 -9999 -9999 -9999 -9999 -9999 -9999 -9999 -9999 -9999 -9999 -9999 -9999 3 9 18 21 12 27 36 26 27 28 30 24 32 53 38 33 26 28 28 30 39 41 30 33 41 47 37 38 38 39 41 38 35 35 29 42 31 29 27 27 27 13 33 24 24 24 16 23 21 22 20 23 16 13 11 2 5 7 10
-9999 -9999 -9999 -9999 -9999 -9999 -9999 -9999 -9999 -9999 -9999 -9999 -9999 -9999 -9999 -9999 -9999 -9999 -9999 -9999 -9999 3 11 21 17 22 34 34 26 25 26 30 32 38 41 45 45 45 47 35 31 39 44 45 44 35 36 40 42 36 41 41 64 44 37 28 32 32 28 42 24 25 25 19 12 24 25 21 12 28 26 25 17 14 14 14 7 4 2 5
-9999 -9999 -9999 -9999 -9999 -9999 -9999 -9999 -9999 -9999 -9999 -9999 -9999 -9999 -9999 -9999 -9999 -9999 -9999 -9999 -9999 8 4 13 19 24 22 30 25 28 38 37 26 36 46 62 35 37 36 40 28 34 28 33 41 29 37 49 49 43 41 37 62 37 44 32 42 36 23 20 15 35 21 12 12 24 27 20 26 26 22 24 22 20 12 19 12 7 5 7
-9999 -9999 -9999 -9999 -9999 -9999 -9999 -9999 -9999 -9999 -9999 -9999 -9999 -9999 -9999 -9999 -9999 -9999 -9999 -9999 8 16 20 23 12 15 25 19 24 24 24 29 29 36 36 43 28 35 36 46 36 42 41 53 41 43 39 42 46 47 51 40 38 39 45 37 43 30 32 27 15 27 23 25 19 33 27 31 23 22 21 27 21 17 17 16 6 1 6 6
-9999 -9999 -9999 -9999 -9999 -9999 -9999 -9999 -9999 -9999 -9999 -9999 -9999 -9999 -9999 -9999 -9999 -9999 -9999 -9999 8 9 8 20 22 13 19 21 30 30 20 22 21 30 32 34 33 36 25 35 41 36 41 40 41 46 42 38 46 45 43 50 49 48 37 39 23 36 27 19 15 18 20 25 28 25 14 22 23 23 21 31 23 18 22 14 19 3 10 12
-9999 -9999 -9999 -9999 -9999 -9999 -9999 -9999 -9999 -9999 -9999 -9999 -9999 -9999 -9999 -9999 -9999 -9999 -9999 14 6 14 7 14 15 20 19 19 36 26 29 27 20 26 28 28 24 39 30 37 39 41 33 45 46 49 44 43 49 31 42 41 38 51 31 39 38 23 37 25 15 25 25 17 30 21 27 27 33 22 26 25 23 21 15 13 16 6 6 6
-9999 -9999 -9999 -9999 -9999 -9999 -9999 -9999 -9999 -9999 -9999 -9999 -9999 -9999 -9999 -9999 -9999 -9999 9 0 6 20 12 17 32 23 29 36 24 24 23 26 27 23 23 22 29 31 34 40 39 45 62 52 54 48 46 57 56 41 40 43 43 47 48 35 37 22 25 23 21 15 15 24 21 27 27 29 23 24 22 21 18 22 16 18 10 7 8 7
-9999 -9999 -9999 -9999 -9999 -9999 -9999 -9999 -9999 -9999 -9999 -9999 -9999 -9999 -9999 -9999 -9999 -9999 -9999 6 15 22 16 14 19 14 22 24 26 26 28 22 23 32 37 16 24 29 32 35 38 44 56 59 55 46 48 53 37 48 46 40 39 47 50 26 30 23 26 21 33 22 21 26 18 22 25 25 26 25 23 21 20 23 18 14 8 6 7 8
-9999 -9999 -9999 -9999 -9999 -9999 -9999 -9999 -9999 -9999 -9999 -9999 -9999 -9999 -9999 -9999 -9999 -9999 -9999 6 27 2 16 16 13 19 19 24 26 25 26 21 28 23 35 32 28 30 46 36 45 32 53 62 46 42 41 37 46 46 54 36 36 40 53 43 20 34 26 24 26 17 14 18 22 29 22 22 25 25 29 20 20 27 17 22 10 6 10 7
-9999 -9999 -9999 -9999 -9999 -9999 -9999 -9999 -9999 -9999 -9999 -9999 -9999 -9999 -9999 -9999 -9999 -9999 -9999 6 22 8 13 11 10 13 16 19 17 17 30 19 18 24 9 26 33 38 43 47 39 41 45 65 47 46 42 40 50 50 38 39 42 35 50 34 22 34 23 15 22 22 16 16 18 23 24 24 26 25 24 27 22 23 21 16 14 13 7 4
-9999 -9999 -9999 -9999 -9999 -9999 -9999 -9999 -9999 -9999 -9999 -9999 -9999 -9999 -9999 -9999 -9999 -9999 -9999 11 27 20 -9999 6 2 11 14 18 17 18 15 15 10 18 28 21 38 36 37 46 47 42 45 54 45 46 41 31 40 50 37 54 38 42 49 39 33 36 31 18 15 16 17 19 18 19 32 26 26 28 21 21 21 21 20 19 16 7 8 7
-9999 -9999 -9999 -9999 -9999 -9999 -9999 -9999 -9999 -9999 -9999 -9999 -9999 -9999 -9999 -9999 -9999 -9999 -9999 20 21 9 -9999 -9999 7 8 7 21 11 34 26 10 34 30 26 21 34 31 41 51 45 39 42 46 33 38 29 33 33 47 45 40 49 37 34 43 22 33 29 32 16 19 24 13 18 18 24 23 27 31 35 25 20 18 20 17 15 8 9 8
-9999 -9999 -9999 -9999 -9999 -9999 -9999 -9999 -9999 -9999 -9999 -9999 -9999 -9999 -9999 -9999 -9999 -9999 14 14 14 -9999 -9999 -9999 -9999 -9999 7 11 12 6 8 10 13 24 38 40 32 35 31 41 42 46 37 56 81 59 40 33 34 43 43 49 39 43 35 60 30 30 33 19 12 23 13 13 14 13 17 22 24 22 26 26 23 31 23 18 15 14 5 7
