REGION/GULF_SE/GIS/elevation_reduced_by2.asc
ncols        402
nrows        225
xllcorner    -91.425030000000
yllcorner    25.116680000000
cellsize     0.033333333333
NODATA_value  -9999
[rows 35 to 69 of 225, columns 240 to 319 of 402]
100 91 101 95 88 73 90 89 92 92 86 85 76 82 83 65 71 69 64 56 57 50 59 57 59 49 52 50 50 56 53 47 45 52 54 50 49 52 32 33 19 26 43 24 20 21 17 23 28 32 26 20 20 13 14 14 15 2 8 13 11 0 0 2 14 -9999 -9999 -9999 -9999 -9999 -9999 -9999 -9999 -9999 -9999 -9999 -9999 -9999 -9999 -9999
105 101 92 88 90 96 70 96 81 78 84 84 76 73 72 69 69 56 64 68 59 57 50 55 62 40 51 58 57 60 51 48 41 37 41 37 43 43 34 28 21 22 24 16 25 27 23 20 19 25 11 13 3 12 14 2 12 6 0 20 3 1 1 -9999 4 -9999 -9999 -9999 -9999 -9999 -9999 -9999 -9999 -9999 -9999 -9999 -9999 -9999 -9999 -9999
90 93 77 74 91 91 84 69 81 69 81 76 73 78 69 58 54 67 55 62 52 51 54 56 55 40 50 55 52 53 51 47 37 43 46 29 39 37 43 27 17 20 16 20 26 17 38 25 26 26 9 13 14 19 13 16 13 11 2 0 -3 1 -2 -1 -9999 -9999 -9999 -9999 -9999 -9999 -9999 -9999 -9999 -9999 -9999 -9999 -9999 -9999 -9999 -9999
92 97 80 76 79 79 79 79 78 74 70 79 78 71 70 66 67 62 63 61 60 52 46 47 52 43 51 47 49 41 34 46 48 45 40 33 39 40 42 18 27 20 20 16 11 13 28 28 20 23 9 18 15 10 7 16 17 12 11 0 0 -9999 -9999 -9999 -9999 -9999 -9999 -9999 -9999 -9999 -9999 -9999 -9999 -9999 -9999 -9999 -9999 -9999 -9999 -9999
89 77 84 83 76 78 83 75 79 76 72 66 66 80 66 77 68 61 63 64 56 51 41 45 36 37 47 45 45 48 45 31 45 40 47 35 26 24 22 32 26 18 23 23 15 15 24 33 30 21 22 19 22 14 7 12 10 16 19 13 0 2 22 -1 -9999 -9999 -9999 -9999 -9999 -9999 -9999 -9999 -9999 -9999 -9999 -9999 -9999 -9999 -9999 -9999
78 64 80 76 79 86 78 72 79 77 68 63 70 68 71 69 65 66 69 68 44 55 53 49 53 50 50 47 44 46 48 43 29 40 46 51 42 30 27 23 25 27 23 29 20 29 16 31 25 10 17 17 17 10 12 18 10 7 4 13 0 15 3 0 -9999 -9999 -9999 -9999 -9999 -9999 -9999 -9999 -9999 -9999 -9999 -9999 -9999 -9999 -9999 -9999
86 83 62 78 81 92 73 79 71 76 71 57 80 79 72 73 70 64 60 58 58 51 58 45 58 58 48 57 48 47 46 48 47 35 28 29 37 30 36 47 26 22 21 28 28 25 14 26 28 24 5 11 5 14 8 3 18 6 11 2 1 17 0 -1 -9999 -9999 -9999 -9999 -9999 -9999 -9999 -9999 -9999 -9999 -9999 -9999 -9999 -9999 -9999 -9999
79 73 57 71 75 76 75 70 69 73 75 65 74 67 66 70 63 65 55 59 57 57 57 58 51 54 52 51 45 45 44 44 41 48 42 48 42 38 41 40 43 22 26 30 26 27 19 24 30 23 11 5 1 23 4 0 0 7 5 5 0 12 -9999 -9999 -9999 -9999 -9999 -9999 -9999 -9999 -9999 -9999 -9999 -9999 -9999 -9999 -9999 -9999 -9999 -9999
77 75 67 61 75 70 75 79 66 75 74 57 71 69 64 74 63 61 65 61 57 72 56 54 52 52 51 47 44 50 46 46 43 46 47 43 43 41 38 48 35 20 20 23 21 27 20 19 25 7 12 3 12 16 16 3 3 0 3 0 14 0 -9999 -9999 -9999 -9999 -9999 -9999 -9999 -9999 -9999 -9999 -9999 -9999 -9999 -9999 -9999 -9999 -9999 -9999
75 66 65 65 70 78 70 73 60 66 62 67 69 69 66 67 62 63 60 58 54 57 53 55 55 51 50 52 51 47 41 42 43 47 52 40 38 47 43 49 20 29 24 32 21 10 23 23 5 18 16 11 3 11 12 3 2 0 2 -9999 -9999 -9999 -9999 -9999 -9999 -9999 -9999 -9999 -9999 -9999 -9999 -9999 -9999 -9999 -9999 -9999 -9999 -9999 -9999 -9999
73 71 68 63 76 66 67 62 70 62 62 67 65 68 61 58 65 66 63 59 59 65 50 49 56 51 50 46 45 44 46 43 44 41 40 42 45 40 39 50 25 28 27 29 32 11 23 24 11 6 3 8 8 10 17 11 1 2 2 -9999 11 -9999 -9999 -9999 -9999 -9999 -9999 -9999 -9999 -9999 -9999 -9999 -9999 -9999 -9999 -9999 -9999 -9999 -9999 -9999
73 64 72 72 65 69 69 77 63 63 66 54 63 68 68 58 68 59 58 55 58 58 55 52 50 44 45 46 46 48 42 42 36 42 50 52 45 42 43 37 37 28 29 31 11 11 24 16 9 3 19 17 10 12 15 19 10 0 0 5 -9999 -9999 -9999 -9999 -9999 -9999 -9999 -9999 -9999 -9999 -9999 -9999 -9999 -9999 -9999 -9999 -9999 -9999 -9999 -9999
66 73 70 54 72 50 74 62 61 56 66 52 58 66 62 64 65 60 58 52 57 55 56 52 45 52 46 45 46 41 49 45 44 41 39 45 38 47 41 41 29 26 31 31 8 8 23 9 13 14 15 6 4 2 7 13 12 2 1 -9999 -9999 -9999 -9999 -9999 -9999 -9999 -9999 -9999 -9999 -9999 -9999 -9999 -9999 -9999 -9999 -9999 -9999 -9999 -9999 -9999
60 77 54 49 45 72 75 66 61 66 62 50 64 60 61 60 60 62 60 55 60 55 63 53 50 54 48 42 43 46 45 46 44 42 48 47 40 41 55 35 31 24 29 29 2 5 25 6 13 1 11 4 5 4 0 3 -9999 0 -9999 -9999 -9999 -9999 -9999 -9999 -9999 -9999 -9999 -9999 -9999 -9999 -9999 -9999 -9999 -9999 -9999 -9999 -9999 -9999 -9999 -9999
60 68 62 57 49 74 62 74 62 66 54 48 64 57 60 55 58 65 58 51 60 58 57 57 51 50 51 40 48 47 44 51 42 45 41 41 40 40 52 33 28 30 25 27 7 8 25 9 16 13 8 12 5 14 2 3 3 1 1 -9999 -9999 -9999 -9999 -9999 -9999 -9999 -9999 -9999 -9999 -9999 -9999 -9999 -9999 -9999 -9999 -9999 -9999 -9999 -9999 -9999
74 59 58 44 60 64 60 67 62 65 66 44 55 57 61 56 52 61 53 52 48 56 52 54 48 44 41 40 44 50 47 46 36 41 45 37 41 43 49 37 21 24 23 28 7 5 23 9 3 11 21 16 9 24 10 11 5 3 -9999 24 -9999 -9999 -9999 -9999 -9999 -9999 -9999 -9999 -9999 -9999 -9999 -9999 -9999 -9999 -9999 -9999 -9999 -9999 -9999 -9999
47 49 54 77 74 64 66 70 63 64 67 52 58 57 59 59 51 59 53 57 51 48 46 48 52 47 48 45 37 45 47 41 38 38 39 42 46 40 37 39 26 21 32 29 12 6 4 4 8 19 16 8 8 8 16 13 23 -4 7 13 -9999 -9999 -9999 -9999 -9999 -9999 -9999 -9999 -9999 -9999 -9999 -9999 -9999 -9999 -9999 -9999 -9999 -9999 -9999 -9999
67 48 57 76 68 70 63 68 65 58 62 54 58 54 62 53 55 53 58 50 51 53 50 49 49 43 60 36 41 42 46 37 40 42 55 42 36 40 45 45 18 28 37 15 4 13 15 18 8 19 15 3 8 13 12 1 -9999 0 6 6 -9999 -9999 -9999 -9999 -9999 -9999 -9999 -9999 -9999 -9999 -9999 -9999 -9999 -9999 -9999 -9999 -9999 -9999 -9999 -9999
59 55 73 66 67 57 64 63 55 58 50 40 57 55 57 52 54 53 52 50 48 49 51 50 48 47 46 39 36 43 38 43 42 44 42 39 46 40 41 44 24 13 24 12 6 5 9 18 16 5 8 11 9 17 14 10 -1 0 1 -9999 -9999 -9999 -9999 -9999 -9999 -9999 -9999 -9999 -9999 -9999 -9999 -9999 -9999 -9999 -9999 -9999 -9999 -9999 -9999 -9999
55 60 55 62 60 59 57 51 54 53 53 41 55 52 59 51 52 50 54 46 51 51 49 51 47 44 39 37 42 40 38 40 39 43 44 39 39 45 38 41 24 28 6 9 25 10 9 6 6 5 17 12 13 6 6 14 -6 3 1 -9999 -9999 -9999 -9999 -9999 -9999 -9999 -9999 -9999 -9999 -9999 -9999 -9999 -9999 -9999 -9999 -9999 -9999 -9999 -9999 -9999
57 64 63 64 63 49 54 53 39 55 55 43 53 54 55 51 54 53 50 57 49 55 48 47 49 48 36 36 36 37 38 46 42 42 43 38 40 38 54 37 26 9 16 21 16 13 9 6 12 10 18 6 -1 7 5 10 1 -1 5 -9999 -9999 -9999 -9999 -9999 -9999 -9999 -9999 -9999 -9999 -9999 -9999 -9999 -9999 -9999 -9999 -9999 -9999 -9999 -9999 -9999
49 67 73 59 52 53 53 56 44 51 42 36 47 48 49 49 47 49 50 58 50 52 53 50 43 50 39 36 37 39 39 40 36 42 40 41 52 48 45 44 23 6 19 32 28 8 17 13 12 12 1 14 4 1 0 0 1 0 1 -9999 -9999 -9999 -9999 -9999 -9999 -9999 -9999 -9999 -9999 -9999 -9999 -9999 -9999 -9999 -9999 -9999 -9999 -9999 -9999 -9999
34 55 63 55 60 41 56 42 49 55 53 43 47 50 52 56 45 54 52 57 51 54 53 44 44 41 36 38 42 40 40 36 35 33 36 42 37 40 40 38 35 31 24 39 29 13 23 5 13 8 11 9 7 6 8 16 -11 -2 -2 1 -9999 -9999 -9999 -9999 -9999 -9999 -9999 -9999 -9999 -9999 -9999 -9999 -9999 -9999 -9999 -9999 -9999 -9999 -9999 -9999
50 30 36 56 37 55 38 58 51 37 44 49 50 48 44 47 46 47 51 45 46 45 44 46 44 40 40 29 39 36 42 41 41 36 43 41 40 40 38 53 28 18 23 28 28 22 19 9 6 10 13 6 6 9 10 14 4 11 0 2 -9999 -9999 -9999 -9999 -9999 -9999 -9999 -9999 -9999 -9999 -9999 -9999 -9999 -9999 -9999 -9999 -9999 -9999 -9999 -9999
61 57 28 37 37 55 40 46 51 48 42 48 47 56 61 47 46 40 43 43 43 41 45 40 48 43 40 39 42 38 36 37 36 39 37 37 37 40 39 45 33 24 25 28 32 22 15 6 8 4 17 11 -1 20 16 6 11 16 1 -9999 -9999 -9999 -9999 -9999 -9999 -9999 -9999 -9999 -9999 -9999 -9999 -9999 -9999 -9999 -9999 -9999 -9999 -9999 -9999 -9999
44 51 39 41 27 33 44 48 52 57 53 42 49 45 57 51 55 46 50 47 47 35 49 44 44 36 38 34 34 44 41 40 37 37 37 43 43 39 39 49 33 24 25 31 24 24 19 8 11 6 7 6 0 -2 -1 3 11 10 -1 -9999 -9999 -9999 -9999 -9999 -9999 -9999 -9999 -9999 -9999 -9999 -9999 -9999 -9999 -9999 -9999 -9999 -9999 -9999 -9999 -9999
36 33 44 50 34 36 52 50 53 47 44 38 30 39 60 53 52 50 47 44 43 46 48 43 45 44 37 40 43 38 42 44 38 41 41 38 37 43 50 57 29 23 18 20 21 22 20 10 9 13 6 8 4 2 1 0 9 -1 1 -9999 -9999 -9999 -9999 -9999 -9999 -9999 -9999 -9999 -9999 -9999 -9999 -9999 -9999 -9999 -9999 -9999 -9999 -9999 -9999 -9999
36 56 35 27 40 37 28 25 36 38 41 31 36 50 53 48 47 51 48 47 42 39 45 47 45 40 39 43 42 36 43 43 42 48 44 41 44 42 42 56 29 28 18 32 24 34 31 6 6 9 10 9 16 14 12 3 1 3 14 -9999 -9999 -9999 -9999 -9999 -9999 -9999 -9999 -9999 -9999 -9999 -9999 -9999 -9999 -9999 -9999 -9999 -9999 -9999 -9999 -9999
60 42 39 30 38 34 34 27 38 26 24 46 34 40 34 44 46 42 49 49 49 45 51 49 47 44 44 43 45 44 44 41 41 36 37 37 39 48 48 52 26 25 31 25 32 24 25 6 6 17 7 7 10 13 9 18 13 3 7 6 -9999 -9999 -9999 -9999 -9999 -9999 -9999 -9999 -9999 -9999 -9999 -9999 -9999 -9999 -9999 -9999 -9999 -9999 -9999 -9999
35 38 55 26 39 22 27 26 27 23 24 30 39 54 56 56 51 65 55 48 44 51 35 48 44 42 50 48 48 52 43 44 41 39 44 49 38 41 41 58 53 19 28 31 28 27 15 14 7 8 12 10 7 11 9 7 2 8 5 19 -9999 -9999 -9999 -9999 -9999 -9999 -9999 -9999 -9999 -9999 -9999 -9999 -9999 -9999 -9999 -9999 -9999 -9999 -9999 -9999
40 34 29 39 28 28 22 28 26 42 40 29 32 35 45 48 54 53 59 46 54 59 50 48 50 51 46 54 46 49 55 45 53 47 53 49 41 52 45 60 53 21 26 36 28 27 25 19 12 6 12 3 6 4 15 12 1 18 0 1 -9999 -9999 -9999 -9999 -9999 -9999 -9999 -9999 -9999 -9999 -9999 -9999 -9999 -9999 -9999 -9999 -9999 -9999 -9999 -9999
30 35 36 21 28 30 24 31 34 34 27 36 32 38 33 34 48 51 51 50 50 50 48 45 49 50 46 45 54 54 62 65 56 53 54 57 47 56 42 52 56 32 30 23 28 23 25 31 13 15 9 10 17 1 4 1 0 11 -7 0 4 -9999 -9999 -9999 -9999 -9999 -9999 -9999 -9999 -9999 -9999 -9999 -9999 -9999 -9999 -9999 -9999 -9999 -9999 -9999
32 31 31 33 33 28 29 28 26 28 36 31 44 52 44 37 32 43 34 47 52 56 46 43 35 45 47 54 58 59 57 59 58 54 53 44 43 37 44 46 35 32 34 27 26 29 32 28 18 17 11 9 15 10 21 16 8 17 13 0 8 -9999 -9999 -9999 -9999 -9999 -9999 -9999 -9999 -9999 -9999 -9999 -9999 -9999 -9999 -9999 -9999 -9999 -9999 -9999
34 35 28 29 29 30 23 28 34 34 36 38 33 47 59 53 50 39 29 27 36 37 39 37 53 57 52 49 44 53 54 48 57 44 45 48 43 49 42 53 56 34 27 38 24 34 30 31 27 15 13 13 16 5 23 20 11 10 8 2 4 -9999 -9999 -9999 -9999 -9999 -9999 -9999 -9999 -9999 -9999 -9999 -9999 -9999 -9999 -9999 -9999 -9999 -9999 -9999
37 34 33 32 26 29 32 33 31 30 32 32 36 42 55 58 51 54 39 38 36 45 45 45 46 50 52 58 54 54 55 53 48 44 42 52 50 46 44 49 56 42 44 40 39 27 30 28 26 30 2 0 0 13 10 7 14 18 11 5 9 -9999 -9999 -9999 -9999 -9999 -9999 -9999 -9999 -9999 -9999 -9999 -9999 -9999 -9999 -9999 -9999 -9999 -9999 -9999
