REGION/GULF_SE/GIS/elevation_reduced_by2.asc
ncols        402
nrows        225
xllcorner    -91.425030000000
yllcorner    25.116680000000
cellsize     0.033333333333
NODATA_value  -9999
[rows 0 to 34 of 225, columns 240 to 319 of 402]
139 142 150 145 146 131 125 86 119 79 109 110 112 97 85 65 76 68 86 98 92 96 101 99 84 90 89 99 77 76 97 73 90 97 69 87 82 100 96 86 93 99 95 85 90 81 67 60 59 42 36 52 53 68 51 59 48 52 42 38 37 21 14 17 24 28 20 26 26 28 32 32 36 34 12 8 1 4 8 18
132 141 140 134 123 124 108 124 120 103 102 93 95 91 85 54 83 82 93 85 83 101 114 90 87 80 88 84 61 85 96 79 81 87 79 77 73 84 87 81 85 81 92 78 95 81 77 68 66 67 40 39 39 38 47 48 39 48 57 40 40 39 45 15 19 21 20 30 18 26 21 32 28 20 16 5 3 0 16 8
126 133 128 130 123 113 109 99 108 99 103 88 83 96 79 76 59 64 82 64 82 95 98 107 102 85 80 90 83 70 79 80 81 95 85 66 69 88 88 86 65 85 73 70 78 92 88 62 63 64 76 54 55 38 31 36 32 42 40 42 41 44 35 37 32 15 17 20 24 26 21 17 33 10 28 17 3 -9999 4 7
126 129 138 122 119 106 110 93 87 81 83 75 76 85 79 74 65 58 91 84 89 88 88 113 92 103 83 67 62 73 77 64 72 80 87 83 64 73 78 80 79 85 76 66 63 83 80 76 68 58 59 64 75 50 58 43 31 45 50 42 45 33 35 21 27 36 21 23 19 22 21 22 27 8 28 8 9 5 0 17
123 122 127 122 121 124 94 94 101 98 93 80 73 65 63 59 58 56 65 72 78 83 85 102 84 104 92 92 88 75 49 61 57 78 74 61 77 68 62 80 55 69 67 63 70 74 67 70 71 69 59 49 56 58 57 38 24 47 42 43 36 36 40 25 31 31 19 21 13 23 25 25 22 30 15 14 19 2 0 14
119 111 118 101 96 115 121 102 113 91 89 80 79 66 82 68 61 54 54 69 58 72 91 79 114 94 81 78 86 84 80 54 60 74 66 67 77 63 69 72 73 57 71 71 61 67 52 65 68 78 74 56 47 40 42 37 25 31 43 47 40 33 34 28 26 30 25 15 15 13 22 23 23 25 15 15 11 0 -9999 0
104 106 135 117 96 108 107 118 114 116 109 105 101 85 82 77 69 68 59 55 50 69 76 73 95 86 103 83 67 67 67 73 68 53 66 56 78 71 63 60 68 59 69 71 74 63 54 59 56 60 55 56 58 55 51 40 34 25 33 38 37 31 28 26 36 24 11 20 10 11 25 13 16 9 17 16 0 2 0 1
104 105 112 112 111 100 106 96 122 116 107 116 105 94 106 107 108 82 82 66 54 64 61 66 72 82 81 96 87 72 53 76 86 78 57 58 73 76 68 67 56 53 68 56 62 62 54 56 46 60 55 58 54 42 40 42 36 48 18 29 45 34 33 31 16 13 26 19 12 19 10 9 6 12 7 14 11 2 1 -9999
93 89 101 98 111 97 87 83 103 107 98 108 105 87 92 98 87 96 77 77 54 55 57 64 83 97 77 83 74 68 60 63 70 68 55 49 85 84 67 57 58 40 62 55 53 67 58 45 40 54 50 48 39 43 36 33 39 42 30 26 32 28 29 26 28 23 33 9 20 11 17 5 6 9 11 0 -1 3 5 -9999
87 79 98 98 121 119 112 94 113 97 86 104 109 85 91 100 78 77 83 82 61 69 66 52 55 64 98 94 89 83 84 54 68 68 66 55 67 67 78 82 77 55 47 45 43 64 56 44 38 57 53 46 39 30 32 36 35 35 33 22 26 28 37 26 28 28 29 8 10 14 12 13 15 4 14 26 25 2 8 -1
73 102 92 104 102 101 91 91 93 115 102 91 86 88 72 97 96 92 85 75 76 83 72 41 76 70 81 90 67 74 71 63 70 57 57 57 56 56 80 60 71 57 55 55 60 63 56 48 36 56 61 37 37 40 30 26 26 25 21 23 34 26 27 40 18 23 24 13 12 10 12 22 7 11 10 10 18 10 4 0
73 89 83 92 106 117 116 100 87 86 108 97 85 80 77 86 84 78 90 86 62 57 63 66 55 63 65 95 94 93 80 79 65 53 41 67 35 72 74 75 60 64 56 41 58 54 48 36 30 46 42 41 40 32 32 26 30 28 24 22 13 23 35 24 25 25 13 8 5 4 8 13 3 17 9 16 0 17 -1 11
71 85 88 97 99 115 100 97 91 79 84 93 75 84 86 73 81 57 93 69 70 65 59 42 46 75 88 95 89 86 70 89 83 75 42 50 50 50 63 75 57 47 49 48 38 42 35 30 37 42 42 37 39 32 30 28 32 24 28 29 18 26 22 26 6 10 3 6 1 3 15 10 8 2 19 14 4 10 22 14
69 70 76 84 98 95 117 105 80 79 95 88 73 56 75 70 79 70 82 69 73 78 61 42 56 88 73 86 77 57 86 74 74 84 68 37 35 68 58 69 69 64 60 64 59 52 56 45 45 35 46 43 37 41 41 26 33 13 20 28 14 14 27 7 13 10 5 12 1 5 0 17 12 12 19 1 1 -9999 0 14
63 59 76 94 93 97 99 91 88 72 65 79 70 82 62 61 75 79 64 61 56 71 62 48 37 68 76 72 78 79 63 65 71 64 65 61 47 56 60 66 64 68 66 62 47 38 53 41 51 31 32 31 42 23 27 27 28 31 28 21 12 10 12 14 5 13 14 5 7 1 1 0 4 -2 3 3 13 -9999 14 -9999
70 71 61 67 81 97 83 86 111 95 89 79 80 83 77 63 69 81 61 87 77 67 80 69 52 53 85 74 70 56 59 63 69 46 58 65 54 42 57 63 62 59 62 58 57 56 57 53 53 32 35 30 30 31 33 38 37 35 32 24 20 12 8 9 7 11 10 7 6 2 6 6 3 5 2 1 5 -9999 -9999 -9999
75 68 61 70 70 85 81 80 101 91 86 95 91 87 66 62 78 50 55 75 69 51 70 52 44 47 83 60 66 77 55 57 57 71 46 49 44 26 62 47 64 56 62 64 69 61 51 59 49 32 38 31 31 26 33 27 31 25 20 23 19 20 12 12 23 11 -2 11 4 14 6 3 2 3 0 4 -9999 -9999 -9999 -9999
87 80 65 61 58 62 73 88 109 100 99 80 83 78 75 83 62 66 59 48 60 48 72 58 35 44 67 56 56 58 72 61 41 57 54 67 60 54 45 35 58 58 63 52 61 56 55 55 39 33 31 37 35 24 22 27 27 27 27 19 24 25 22 9 13 9 17 3 16 20 14 1 2 8 3 5 -9999 -9999 -9999 -9999
91 90 90 63 59 69 64 85 86 93 77 85 92 96 73 58 56 58 52 55 77 49 66 71 42 35 51 55 59 53 40 47 61 62 62 59 55 54 31 48 42 60 65 48 56 47 57 59 40 33 30 42 34 31 11 9 19 21 16 14 26 13 11 14 2 22 7 11 14 1 6 0 0 1 1 2 3 -9999 -9999 -9999
100 78 95 70 56 54 73 73 85 94 81 82 90 73 92 78 56 48 52 52 40 45 55 48 42 34 29 34 35 35 29 28 26 29 33 32 41 46 32 42 51 51 59 53 63 55 57 54 42 38 36 22 18 30 32 38 31 16 23 20 22 16 16 9 0 8 3 -1 2 18 3 15 0 2 -9999 -9999 -9999 -9999 -9999 -9999
97 75 75 79 90 54 61 72 86 94 97 90 68 71 77 63 59 69 80 58 64 46 35 37 70 69 50 57 74 53 59 48 32 33 27 26 29 30 25 32 32 31 44 53 61 41 48 47 40 43 34 28 32 34 36 37 19 24 18 11 12 2 11 12 20 1 0 7 0 0 11 20 -1 -9999 -9999 -9999 -9999 -9999 -9999 -9999
100 82 72 75 69 71 52 54 87 88 86 85 69 71 75 73 59 61 54 52 44 43 51 77 64 57 68 79 58 45 67 64 64 55 58 43 50 48 24 23 21 25 24 37 40 32 51 43 35 28 29 30 24 26 45 22 26 19 18 15 13 4 11 11 15 0 10 5 -2 0 1 -1 1 2 -9999 -9999 -9999 -9999 -9999 -9999
93 89 80 75 70 73 70 54 61 68 69 82 77 67 72 72 68 43 39 47 59 70 64 81 82 79 79 81 55 66 71 70 62 69 53 55 41 44 48 31 20 16 23 29 23 30 41 39 38 27 25 30 24 34 40 12 9 14 7 13 3 4 8 19 13 10 13 3 -9999 -9999 1 -9999 -9999 -9999 -9999 -9999 -9999 -9999 -9999 -9999
121 106 82 85 82 80 63 66 55 51 52 56 69 77 63 53 51 50 50 73 82 81 78 82 72 83 79 77 74 69 65 68 57 58 64 60 52 59 54 31 35 20 24 22 21 21 32 26 34 33 29 31 31 24 32 14 9 16 10 4 6 21 1 12 -3 21 13 -9999 -1 18 -2 -9999 -9999 -9999 -9999 -9999 -9999 -9999 -9999 -9999
120 111 86 75 93 82 64 82 64 72 59 52 48 45 47 46 35 54 80 87 88 76 82 77 81 74 75 77 62 71 69 66 64 62 61 58 59 58 57 55 56 55 42 22 21 18 15 30 22 21 26 29 33 32 28 20 11 14 11 20 2 18 14 14 -9999 7 20 -9999 2 9 2 -9999 -9999 -9999 -9999 -9999 -9999 -9999 -9999 -9999
116 108 111 111 109 87 91 74 60 64 64 80 60 76 64 73 67 83 94 86 90 80 74 78 75 71 68 64 57 63 63 64 64 65 61 61 56 57 58 59 62 48 53 45 22 25 17 26 27 24 20 23 31 31 17 10 24 12 11 4 9 16 18 19 1 0 2 -9999 11 13 -9999 -9999 -9999 -9999 -9999 -9999 -9999 -9999 -9999 -9999
107 105 122 114 111 113 112 101 98 89 90 82 90 89 92 83 90 89 89 91 79 89 81 77 65 71 68 58 64 70 61 67 61 59 67 57 59 57 56 52 51 51 44 41 41 41 18 25 22 20 21 17 24 29 21 6 13 6 6 19 18 2 1 3 13 18 -9999 -9999 -9999 -9999 -9999 -9999 -9999 -9999 -9999 -9999 -9999 -9999 -9999 -9999
96 121 113 114 106 98 111 97 101 106 110 106 99 91 103 94 94 94 86 82 84 77 84 86 79 59 72 69 56 50 62 59 58 66 56 58 61 56 60 54 58 51 50 42 53 28 29 23 18 22 13 20 27 31 27 11 5 15 12 5 18 15 14 5 17 4 2 1 11 -9999 -9999 -9999 -9999 -9999 -9999 -9999 -9999 -9999 -9999 -9999
97 113 114 114 105 99 103 99 115 90 102 102 103 94 82 97 93 85 90 91 84 82 80 83 81 74 61 73 65 48 55 54 57 46 57 51 50 53 49 52 53 51 43 47 32 37 33 28 12 19 14 12 22 31 24 12 6 6 23 17 3 -1 2 0 0 6 5 3 1 -9999 -9999 -9999 -9999 -9999 -9999 -9999 -9999 -9999 -9999 -9999
102 107 122 109 110 100 97 103 90 100 106 94 97 90 80 83 74 69 88 88 82 80 73 77 70 74 71 61 67 64 62 56 49 56 50 52 51 53 48 50 41 50 43 44 48 42 21 28 22 14 15 15 20 17 22 17 22 10 1 19 16 18 12 16 22 3 2 8 2 -9999 -9999 -9999 -9999 -9999 -9999 -9999 -9999 -9999 -9999 -9999
115 109 104 110 102 98 97 86 95 104 99 83 98 79 82 72 83 74 85 83 70 72 72 64 66 67 67 70 52 65 65 66 62 42 45 56 37 48 41 50 43 49 44 42 43 32 32 18 33 11 10 14 10 18 12 18 16 10 12 24 14 7 12 13 5 3 3 0 -9999 -9999 -9999 -9999 -9999 -9999 -9999 -9999 -9999 -9999 -9999 -9999
97 96 111 105 104 101 95 86 96 87 88 87 87 93 88 87 84 59 76 68 69 78 65 59 66 75 70 65 48 53 61 59 60 60 50 41 49 49 48 42 45 48 38 48 35 31 25 21 28 22 19 14 16 12 22 6 8 8 7 18 11 4 2 3 2 2 -9999 -9999 -9999 -9999 -9999 -9999 -9999 -9999 -9999 -9999 -9999 -9999 -9999 -9999
93 115 116 102 86 91 98 78 107 80 75 93 84 74 75 77 71 75 65 79 60 62 67 63 58 58 57 56 58 55 60 53 56 60 57 51 41 45 40 29 38 39 30 45 18 21 23 23 20 22 32 31 19 18 14 11 7 5 17 10 3 18 0 5 1 11 10 -9999 -9999 -9999 -9999 -9999 -9999 -9999 -9999 -9999 -9999 -9999 -9999 -9999
95 85 87 84 99 91 89 83 86 88 85 92 84 80 65 80 76 73 76 70 69 64 61 52 50 60 55 51 52 54 52 46 49 56 53 43 47 27 32 24 28 34 49 33 13 18 24 27 28 23 30 22 15 6 12 14 13 8 12 6 17 12 3 -9999 0 11 18 -9999 -9999 -9999 -9999 -9999 -9999 -9999 -9999 -9999 -9999 -9999 -9999 -9999
107 104 92 96 80 89 88 95 93 97 73 81 68 57 67 58 72 73 69 57 67 57 62 53 46 49 52 55 51 42 52 41 59 54 53 50 39 38 47 40 25 37 41 30 15 20 20 23 32 25 28 20 15 18 5 13 16 6 7 7 9 17 3 -9999 13 10 -9999 -9999 -9999 -9999 -9999 -9999 -9999 -9999 -9999 -9999 -9999 -9999 -9999 -9999
