REGION/GULF_SE/GIS/elevation_reduced_by2.asc
ncols        402
nrows        225
xllcorner    -91.425030000000
yllcorner    25.116680000000
cellsize     0.033333333333
NODATA_value  -9999
[rows 0 to 34 of 225, columns 0 to 79 of 402]
26.0 29 27 24 25 26 26 29 23 34 37 28 30 32 29 28 32 29 29 36 26 26 27 32 69 109 99 85 82 55 56 47 58 62 81 65 83 85 84 85 81 79 79 84 108 105 115 94 107 109 107 130 130 119 117 126 154 131 109 127 134 129 143 136 124 135 151 165 171 166 179 149 136 153 171 170 134 124 119 131
26 27 26 25 27 28 28 32 28 23 33 27 36 35 39 28 27 30 28 28 34 88 105 103 102 92 86 59 54 53 51 67 73 73 74 84 76 101 79 89 90 88 86 93 110 94 92 97 103 105 102 124 137 129 128 142 121 114 109 107 119 118 121 134 140 139 164 163 175 160 149 171 134 146 142 164 135 142 129 145
32 37 29 28 27 27 29 30 32 36 23 23 36 34 36 31 29 31 31 93 73 87 111 81 97 77 47 45 73 66 86 56 73 104 122 128 102 111 103 91 85 94 92 89 89 107 126 104 108 108 109 106 126 144 133 128 117 128 117 134 115 115 119 132 149 152 149 169 161 140 163 150 166 140 133 171 151 127 102 118
29 26 28 24 27 26 27 32 41 40 35 22 23 26 34 25 35 30 77 86 89 98 81 77 44 80 85 82 81 84 81 61 65 95 82 97 107 128 100 85 107 111 89 89 108 101 112 108 114 111 112 113 119 143 148 133 129 127 119 138 129 139 127 139 160 165 143 155 140 157 125 129 148 127 143 159 128 132 102 127
24 24 27 27 29 25 28 25 27 29 41 33 40 41 28 28 27 37 102 89 104 99 86 70 45 75 73 59 77 90 100 67 64 82 96 88 139 125 115 101 117 89 89 108 139 130 114 119 108 107 111 116 114 140 137 126 137 128 124 127 140 133 141 137 151 128 174 151 133 123 147 124 141 153 122 172 137 118 97 103
26 33 27 30 28 25 23 24 25 28 29 28 21 29 40 29 27 35 92 103 110 93 78 64 66 69 78 85 85 87 97 87 77 85 84 122 125 112 113 94 89 89 110 118 116 117 110 119 114 123 119 124 137 136 144 146 143 135 150 143 123 129 127 122 126 143 164 143 133 133 125 124 132 137 109 123 166 136 102 95
24 42 26 24 26 25 25 29 26 27 27 28 21 32 47 36 31 101 99 61 78 88 64 56 83 91 97 76 77 72 97 84 100 87 91 110 103 99 97 91 101 111 89 98 108 96 117 112 119 129 135 133 151 152 160 160 155 138 147 126 128 148 126 140 136 138 148 136 122 137 130 119 111 142 146 109 144 131 120 99
37 33 38 36 24 25 26 25 28 29 28 27 20 35 43 18 77 86 99 76 70 51 48 48 78 69 60 70 66 76 78 105 120 93 102 112 102 106 120 91 100 124 111 113 114 111 113 125 129 133 123 124 143 146 144 165 168 154 139 146 139 144 137 137 129 149 149 116 111 114 132 112 100 124 116 115 138 132 133 102
35 42 38 26 24 25 27 27 28 27 28 30 28 29 30 21 59 74 93 82 70 36 37 71 69 60 92 86 84 76 83 89 109 103 120 98 95 101 89 97 123 104 132 122 128 122 138 105 124 120 125 138 186 144 148 154 153 165 152 162 143 160 146 151 150 135 120 129 122 105 115 110 98 104 100 103 92 142 109 107
20 27 39 21 24 25 24 26 27 26 25 25 34 34 20 52 55 89 96 65 52 43 54 70 45 77 87 82 79 80 84 99 123 123 113 102 93 79 86 95 110 120 121 134 135 135 120 124 115 127 127 151 138 128 140 146 155 149 153 144 144 158 148 125 135 139 131 127 125 116 126 131 113 116 128 113 108 133 149 85
24 22 33 33 24 40 27 27 29 28 25 37 25 21 35 84 82 91 81 56 33 66 56 54 58 79 76 74 97 86 89 113 110 113 106 106 90 84 103 102 113 111 132 119 119 140 130 149 149 141 139 168 163 126 150 130 145 130 138 131 144 151 140 125 151 142 133 137 122 139 138 125 125 139 135 120 83 125 146 92
30 30 33 31 25 27 24 37 27 31 21 29 34 35 61 57 67 95 74 41 41 49 53 74 65 55 68 66 76 79 102 134 112 109 97 109 97 87 113 102 98 105 103 130 130 137 150 164 142 152 122 156 148 133 128 158 169 130 126 125 127 152 128 121 143 123 145 142 143 139 118 111 108 121 118 127 101 96 114 79
32 31 25 25 22 28 37 33 40 44 31 35 21 30 66 94 79 73 70 41 53 81 54 86 81 86 77 77 114 99 108 122 123 96 105 79 85 98 109 114 109 103 120 112 123 133 142 144 138 128 118 156 130 128 132 150 141 147 131 143 148 134 123 125 137 132 145 182 127 137 136 116 128 108 108 114 108 87 88 115
22 23 26 20 23 27 30 39 32 25 36 36 21 34 85 60 60 40 41 64 56 83 92 69 65 89 91 92 85 97 113 127 97 125 88 90 90 124 106 106 115 113 126 128 126 117 127 134 141 121 132 125 123 129 163 142 139 166 123 120 121 152 125 116 115 129 150 151 140 154 124 116 107 119 104 112 103 77 90 125
33 23 21 27 24 26 25 28 32 20 29 20 39 32 63 35 29 61 69 48 57 101 95 89 86 68 99 94 97 111 131 127 98 89 91 92 86 88 103 127 108 122 134 132 117 123 108 125 119 135 115 110 133 141 153 127 140 173 120 118 120 127 145 116 117 150 144 127 126 165 138 127 106 115 104 87 114 108 73 107
21 20 23 25 22 25 23 22 45 38 27 38 45 25 28 51 70 70 64 116 71 88 121 68 59 89 103 96 108 102 109 132 96 97 95 81 109 93 93 122 119 156 147 108 110 109 104 145 118 121 109 112 124 177 141 119 158 128 146 106 119 114 115 104 114 123 136 134 122 131 140 155 122 118 98 89 98 120 74 71
34 28 23 25 24 29 27 36 35 38 29 28 73 73 52 70 92 84 97 77 76 101 75 58 69 72 69 90 89 87 119 114 123 101 98 80 99 127 113 127 170 131 119 112 125 124 105 114 106 102 109 123 151 160 127 135 144 132 159 106 119 140 123 102 126 124 127 135 117 116 129 172 125 104 93 94 77 93 81 75
24 22 31 26 21 22 24 19 26 31 29 51 80 61 61 63 53 46 42 43 38 40 59 121 118 84 95 101 91 92 94 111 123 95 95 76 105 113 125 134 125 137 127 104 111 123 102 100 103 147 120 124 154 140 117 118 120 166 116 105 100 115 95 120 121 118 138 122 120 102 120 135 151 167 98 92 92 83 82 82
28 21 25 23 21 21 25 28 17 17 38 33 32 60 62 46 49 61 52 79 103 86 62 116 108 120 127 125 92 128 114 138 128 118 105 87 86 105 116 112 113 116 131 101 113 99 118 123 149 146 131 141 132 123 122 113 135 164 119 88 107 100 129 132 111 105 119 122 134 108 134 144 156 129 104 106 97 107 91 109
22 21 20 26 21 25 25 26 37 67 48 73 78 33 60 79 68 75 69 84 107 127 71 56 62 66 90 114 97 102 122 130 138 139 91 107 81 87 133 102 112 104 125 104 96 90 104 145 151 153 134 127 121 109 109 161 137 122 149 92 96 124 148 112 138 110 114 113 107 116 152 119 129 172 121 99 89 94 88 102
20 22 19 22 24 26 16 42 79 64 81 112 72 65 42 51 49 60 56 79 74 104 89 73 90 105 97 103 106 138 143 142 140 121 153 122 92 79 105 112 120 115 125 96 97 108 120 129 144 157 138 149 125 122 103 119 127 136 114 89 102 127 155 110 117 108 91 125 99 107 143 112 114 127 165 142 99 82 75 81
21 24 22 20 20 16 33 70 82 84 96 85 61 53 52 77 67 62 91 92 70 117 95 80 95 111 98 79 122 133 139 114 106 127 115 129 107 74 90 97 87 101 81 86 134 143 143 152 154 144 137 121 148 123 113 90 111 119 108 97 115 152 145 121 116 104 119 103 105 125 98 123 107 118 113 127 132 103 84 73
22 22 16 15 16 30 26 72 72 97 77 86 76 76 60 71 95 63 91 104 86 102 95 101 85 104 113 92 109 108 143 129 139 130 108 120 106 78 75 75 82 103 104 145 145 131 160 143 169 160 123 125 144 138 119 129 96 102 111 90 91 140 142 125 102 116 110 86 111 88 110 128 93 136 110 143 113 111 90 83
21 22 23 25 26 26 30 87 99 84 67 89 97 87 72 80 65 80 92 101 80 103 118 97 102 119 130 109 92 111 137 113 110 131 115 133 105 76 85 82 116 131 145 149 149 161 151 153 165 147 125 135 118 127 147 129 129 93 98 89 82 118 101 97 118 104 87 86 108 106 80 110 92 115 107 104 114 95 74 82
20 16 22 23 21 25 65 38 52 43 57 88 95 91 98 93 86 96 134 83 95 108 118 119 157 144 111 124 91 111 134 124 120 113 125 139 97 79 72 83 105 134 149 161 147 160 151 163 153 162 163 146 108 153 134 128 108 101 87 91 94 124 101 91 122 93 89 94 91 98 78 89 93 105 113 93 104 97 105 124
22 16 22 24 27 62 59 72 45 68 86 56 83 99 100 116 81 91 91 103 109 154 147 157 154 157 135 123 102 100 126 108 139 100 111 127 88 79 62 90 153 152 124 121 149 143 137 153 133 152 152 134 112 108 141 132 125 112 108 82 78 94 91 126 98 100 73 86 87 75 96 79 93 95 103 104 101 124 107 100
27 18 25 68 40 64 83 82 101 60 80 72 77 86 98 144 125 120 120 127 150 142 147 144 151 155 146 142 104 136 129 133 103 87 78 90 95 72 63 94 128 138 134 133 113 150 158 154 135 145 149 152 138 102 100 136 125 114 118 74 74 99 94 93 106 82 92 74 96 88 83 81 76 82 98 90 96 102 96 103
15 35 87 54 76 79 64 89 105 69 105 94 106 98 114 120 135 136 141 129 120 155 144 158 149 152 138 109 123 112 158 117 97 98 90 97 93 89 69 60 134 116 140 118 159 153 143 144 164 127 138 152 142 121 91 95 128 122 97 128 65 76 97 75 101 88 88 91 75 82 76 67 92 88 93 95 90 93 108 102
15 70 75 58 84 124 80 52 75 79 104 134 149 142 128 145 156 148 149 127 143 124 163 139 160 161 153 144 155 151 143 116 109 112 130 93 89 76 72 76 90 116 102 133 155 149 133 133 139 123 123 126 116 112 111 88 109 124 114 94 117 64 74 92 82 135 65 67 83 82 79 66 72 84 83 84 78 92 110 85
15 94 77 77 89 111 93 113 66 84 109 140 158 131 117 135 134 138 136 133 111 110 135 143 149 143 138 161 144 157 155 136 142 120 117 106 129 106 77 60 91 117 93 104 119 150 125 119 154 142 123 133 99 111 110 125 86 113 139 112 109 80 67 83 87 86 91 64 89 76 70 72 81 94 98 73 74 88 90 82
47 68 74 64 112 130 121 100 105 131 143 114 139 134 117 104 120 126 143 117 104 121 142 146 112 145 153 148 142 155 147 152 140 147 113 91 93 92 76 59 73 124 90 88 124 124 96 95 109 148 124 103 109 96 109 95 88 89 114 117 113 111 72 93 93 74 65 63 84 65 71 84 104 95 97 90 72 77 101 95
67 46 70 98 121 133 116 123 119 113 109 107 125 121 109 116 134 147 112 95 139 139 149 141 111 132 148 135 150 131 161 156 121 139 94 127 125 102 89 67 67 95 75 121 114 91 92 148 140 147 123 100 97 92 83 109 109 88 92 109 105 85 75 71 106 83 63 77 92 74 57 83 88 81 80 95 72 80 94 104
33 70 76 102 109 116 86 117 108 96 77 97 103 98 87 113 142 132 96 90 121 120 112 112 136 144 145 155 129 149 134 146 143 140 134 134 125 86 103 82 54 68 89 93 102 88 131 121 135 144 122 104 92 88 79 94 89 111 66 97 110 98 97 62 75 103 85 69 107 80 58 79 78 71 96 87 65 80 89 97
66 107 89 100 101 102 70 110 87 69 72 91 96 115 71 91 117 81 66 113 121 136 125 118 134 144 136 159 140 144 139 152 146 152 140 145 129 102 129 126 58 63 79 68 103 123 110 101 136 143 141 130 139 98 86 78 90 93 93 62 91 103 88 58 82 93 93 55 73 106 62 67 80 74 82 72 74 110 102 95
101 57 106 101 106 81 69 76 80 64 70 98 114 127 83 75 83 69 113 142 84 100 139 139 152 145 146 136 131 130 150 148 153 156 148 145 127 122 131 127 68 65 62 79 103 74 101 119 124 106 117 140 134 115 110 87 90 79 71 81 71 90 80 56 88 83 80 56 76 90 80 58 69 97 70 66 81 82 78 96
